table_name th_length th_last expected_val progress_cur progress_end

T1000 3 0.314 1.572 6 666

T10209 18 1.5707963267948966 1.571 100 100

T10211 18 1.5707963267948966 1.571 100 100

T11029 19 3.141592653589793 3.142 900 900

T11030 18 3.141592653589793 3.142 250 250

T125 3 1.692 1.7000 17 50

T235 14 14000.0 14000 500 500

T237 14 20000.0 20000 250 250

wololo

T654 3 0.691 1.572 12 50

T1000 3 0.314 1.572 6 666

T10209 18 1.5707963267948966 1.571 100 100

T10211 18 1.5707963267948966 1.571 100 100

T11029 19 3.141592653589793 3.142 900 900

T11030 18 3.141592653589793 3.142 250 250

T125 3 1.692 1.7000 17 50

T235 14 14000.0 14000 500 500

T237 14 20000.0 20000 250 250

wololo

T654 3 0.691 1.572 12 50